Name,Position,Price,xMins,GW3,GW4,GW5,GW6,Total,/£M,Elite%
M.Salah,MID,14.5,89,89,86,82,81,338,5.8,96.8%
Palmer,MID,10.5,93,70,86,85,86,327,7.8,98.8%
Haaland,FWD,14.1,89,89,82,78,73,322,5.7,2.6%
Watkins,FWD,9.0,84,84,85,83,84,336,9.3,46.0%
B.Fernandes,MID,9.0,90,90,87,84,82,343,9.5,87.5%
Gyökeres,FWD,9.0,90,90,83,80,78,331,9.2,1.7%
Mateta,FWD,7.5,88,88,82,82,83,335,11.2,50.1%
Wirtz,MID,8.4,83,83,75,75,74,307,9.1,66.8%
Wood,FWD,7.7,83,83,81,75,76,315,10.2,1.0%
Sarr,MID,6.5,85,85,82,77,77,321,12.3,7.6%
Murillo,DEF,5.5,90,90,88,83,83,344,15.6,66.2%
Rogers,MID,7.0,87,87,88,85,79,339,12.1,11.0%
Virgil,DEF,6.0,92,92,91,86,85,354,14.8,5.5%
Semenyo,MID,7.2,87,87,83,79,79,328,11.4,1.2%
Strand Larsen,FWD,6.5,84,84,83,79,78,324,12.5,59.4%
Ekitiké,FWD,8.6,70,70,65,64,62,261,7.6,1.7%
Cunha,MID,8.0,80,80,78,74,75,307,9.6,0.1%
Pedro Porro,DEF,5.5,88,88,79,79,76,322,14.6,95.0%
Tielemans,MID,6.0,88,88,84,81,77,330,13.8,12.6%
Enzo,MID,6.5,91,91,88,89,81,349,13.4,0.1%
Solanke,FWD,7.4,54,54,70,71,71,266,9.0,0.2%
Milenković,DEF,5.5,90,90,90,85,82,347,15.8,2.6%
Evanilson,FWD,7.0,83,83,78,77,75,313,11.2,16.5%
Gakpo,MID,7.5,69,69,67,60,60,256,8.5,4.2%
Gibbs-White,MID,7.5,78,78,75,74,75,302,10.1,0.0%
Kudus,MID,6.6,75,75,65,69,68,277,10.5,0.5%
Mbeumo,MID,8.0,81,81,79,77,79,316,9.9,0.1%
N.Williams,DEF,5.0,89,89,76,76,77,318,15.9,33.5%
Ndiaye,MID,6.5,79,79,77,71,71,298,11.5,2.6%
Bowen,FWD,7.9,92,92,86,81,78,337,10.7,2.5%
Mac Allister,MID,6.5,81,81,80,74,79,314,12.1,0.0%
Anderson,MID,5.5,79,79,78,80,77,314,14.3,12.8%
Marmoush,MID,8.4,55,55,51,50,51,207,6.2,1.1%
João Pedro,FWD,7.6,70,70,67,66,65,268,8.8,11.5%
Cucurella,DEF,6.1,91,91,88,81,84,344,14.1,1.2%
Šeško,FWD,7.5,80,80,79,75,75,309,10.3,0.0%
Rice,MID,6.5,86,86,81,81,79,327,12.6,0.1%
Martinez,GK,5.0,93,93,92,92,94,371,18.6,0.0%
A.Becker,GK,5.5,94,94,90,88,83,355,16.1,0.3%
Schade,MID,7.0,81,81,74,73,72,300,10.7,0.0%
Muñoz,DEF,5.5,89,89,88,81,82,340,15.5,6.7%
Bruno G.,MID,6.5,90,90,84,82,83,339,13.0,0.0%
Isak,FWD,10.4,0,0,85,82,81,248,6.0,0.0%
J.Arias,MID,5.4,73,73,73,69,70,285,13.2,0.4%
Sels,GK,5.0,91,91,91,92,91,365,18.3,10.5%
Konaté,DEF,5.5,86,86,81,78,79,324,14.7,0.0%
Neto,MID,7.0,73,73,67,70,65,275,9.8,0.1%
L.Paquetá,MID,5.9,82,82,77,73,72,304,12.9,5.5%
O.Dango,MID,6.0,77,77,76,71,76,300,12.5,0.0%
Mitoma,MID,6.5,83,83,83,80,79,325,12.5,1.9%
Caicedo,MID,5.5,90,90,87,89,84,350,15.9,0.0%
Damsgaard,MID,5.9,84,84,82,79,77,322,13.6,0.0%
Sánchez,GK,5.0,92,92,93,89,88,362,18.1,66.7%
Lacroix,DEF,5.0,90,90,83,82,85,340,17.0,3.8%
Aina,DEF,5.0,90,90,86,80,83,339,16.9,0.0%
Raya,GK,5.5,93,93,91,91,91,366,16.6,1.1%
Iwobi,MID,6.5,85,85,80,77,78,320,12.3,0.0%
Konsa,DEF,4.5,88,88,89,88,85,350,19.4,5.7%
Tarkowski,DEF,5.5,91,91,87,88,87,353,16.0,8.0%
Elanga,MID,7.0,75,75,65,65,53,258,9.2,0.2%
Kluivert,MID,7.0,51,51,69,70,66,256,9.1,0.1%
Reijnders,MID,5.7,73,73,72,68,67,280,12.3,48.0%
Romero,DEF,5.0,90,90,87,84,87,348,17.4,13.1%
Gabriel,DEF,6.1,90,90,88,87,81,346,14.2,2.7%
Richards,DEF,4.5,86,86,82,81,81,330,18.3,14.7%
Cash,DEF,4.5,78,78,80,71,75,304,16.9,0.0%
Vicario,GK,5.0,94,94,92,91,91,368,18.4,10.3%
Ødegaard,MID,8.0,92,46,83,79,78,286,8.9,0.0%
Guéhi,DEF,4.5,91,91,90,87,87,355,19.7,0.9%
Dewsbury-Hall,MID,5.0,80,80,77,77,75,309,15.4,8.3%
Collins,DEF,5.0,91,91,87,84,82,344,17.2,0.1%
Stach,MID,5.0,86,86,80,84,77,327,16.4,0.0%
Pickford,GK,5.5,93,93,93,91,91,368,16.7,0.1%
Aït-Nouri,DEF,6.1,77,58,66,66,68,258,10.6,2.1%
Georginio,MID,6.0,61,46,72,68,68,254,10.6,24.0%
Andersen,DEF,4.5,90,90,88,87,88,353,19.6,82.9%
Wharton,MID,5.0,81,81,76,77,71,305,15.3,0.0%
Petrović,GK,4.5,94,94,92,91,91,368,20.4,3.5%
Pope,GK,5.0,90,90,88,86,83,347,17.4,0.0%
Saliba,DEF,6.1,92,92,87,87,86,352,14.4,0.1%
Senesi,DEF,4.5,89,89,87,84,78,338,18.8,2.8%
McGinn,MID,5.5,74,74,69,66,69,278,12.6,0.0%
Kelleher,GK,4.5,93,93,91,91,92,367,20.4,2.8%
Leno,GK,5.0,94,94,93,92,91,370,18.5,0.0%
Gana,MID,5.5,90,90,84,81,80,335,15.2,0.0%
José Sá,GK,4.5,94,94,94,91,91,370,20.6,0.0%
Perri,GK,4.5,93,93,91,90,92,366,20.3,1.1%
Douglas Luiz,MID,5.0,59,59,78,80,77,294,14.7,0.0%
Szoboszlai,MID,6.5,58,58,50,55,60,223,8.6,0.0%
Joelinton,MID,6.0,90,45,71,77,72,265,11.0,0.0%
Rúben,DEF,5.5,85,85,78,75,73,311,14.1,0.0%
Gomes,MID,5.5,83,83,83,76,77,319,14.5,0.0%
Dorgu,DEF,4.5,82,82,79,74,73,308,17.1,21.6%
Agbadou,DEF,4.5,91,91,87,84,87,349,19.4,7.3%
Van den Berg,DEF,4.5,91,91,85,83,83,342,19.0,0.1%
Rodrigo,MID,6.4,55,55,65,85,77,282,11.0,0.0%
P.M.Sarr,MID,5.0,73,73,66,69,67,275,13.8,0.2%
Thiago,FWD,6.0,69,69,73,47,45,234,9.8,9.5%
Mitchell,DEF,5.0,78,78,77,79,73,307,15.3,0.0%
Grealish,MID,6.5,77,77,75,71,70,293,11.3,0.0%
Minteh,MID,5.9,73,73,67,65,66,271,11.5,0.2%
Henderson,GK,5.0,87,87,85,83,83,338,16.9,0.0%
Hermansen,GK,4.5,92,92,90,89,88,359,19.9,0.1%
Barnes,MID,6.5,73,73,55,50,38,216,8.3,0.0%
Tavernier,MID,5.5,68,68,61,59,56,244,11.1,0.3%
Malen,MID,5.4,59,59,53,53,45,210,9.7,0.1%
Verbruggen,GK,4.5,92,92,91,93,90,366,20.3,6.1%
Roefs,GK,4.5,93,93,93,90,90,366,20.3,0.1%
Gravenberch,MID,5.5,80,80,77,76,74,307,14.0,0.0%
Gvardiol,DEF,5.9,56,23,80,80,79,262,11.1,0.2%
James,MID,5.5,69,69,62,63,59,253,11.5,0.0%
Wan-Bissaka,DEF,4.5,90,90,86,83,86,345,19.2,0.5%
Welbeck,FWD,6.4,58,58,54,60,53,225,8.8,0.0%
Truffert,DEF,4.5,90,90,87,84,80,341,18.9,0.3%
Foden,MID,8.0,41,41,48,46,46,181,5.7,0.0%
Anthony,MID,5.5,79,79,78,73,72,302,13.7,0.0%
Diakité,DEF,4.5,90,90,87,84,85,346,19.2,0.1%
Eze,MID,7.5,53,53,55,56,54,218,7.3,0.1%
Kilman,DEF,4.4,88,88,86,81,82,337,19.1,0.1%
Adingra,MID,5.5,74,74,74,76,70,294,13.4,0.1%
Tonali,MID,5.5,90,45,81,83,81,290,13.2,0.0%
Digne,DEF,4.5,62,62,57,60,58,237,13.2,0.0%
Guessand,MID,6.5,41,41,49,58,48,196,7.5,0.0%
Lukić,MID,5.0,84,84,77,72,75,308,15.4,0.0%
Kerkez,DEF,6.0,68,68,67,65,59,259,10.8,0.2%
Hudson-Odoi,MID,6.0,62,62,59,59,58,238,9.9,0.0%
N.Aguerd,DEF,4.5,84,84,82,80,81,327,18.2,0.0%
Livramento,DEF,5.0,82,82,75,71,70,298,14.9,0.0%
Zubimendi,MID,5.5,86,86,84,77,72,319,14.5,0.0%
Devenny,MID,4.5,60,60,56,58,55,229,12.7,0.2%
Ward-Prowse,MID,5.9,74,74,72,69,69,284,12.0,0.0%
Van de Ven,DEF,4.5,88,88,80,79,79,326,18.1,15.4%
Bogle,DEF,4.5,86,86,82,78,78,324,18.0,0.0%
Xhaka,MID,5.0,87,87,83,82,84,336,16.8,0.1%
Diarra,MID,5.5,84,84,79,77,80,320,14.5,0.0%
Okafor,MID,5.5,54,54,63,64,61,242,11.0,0.0%
De Ligt,DEF,5.0,85,85,77,69,74,305,15.3,0.0%
Hall,DEF,5.5,49,49,68,79,79,275,12.5,0.0%
Schär,DEF,5.5,95,25,81,77,75,258,11.7,0.0%
James,DEF,5.5,63,63,53,56,56,228,10.4,0.1%
Rodon,DEF,4.0,90,90,87,81,83,341,21.3,5.9%
Raúl,FWD,6.4,52,52,48,49,51,200,7.8,0.0%
Richarlison,FWD,6.7,60,60,44,42,40,186,6.9,0.0%
Füllkrug,FWD,5.9,66,66,56,58,59,239,10.1,3.1%
Dúbravka,GK,4.0,93,93,93,92,90,368,23.0,96.1%
Gudmundsson,DEF,4.0,83,83,80,75,73,311,19.4,4.4%
Robinson,DEF,5.0,55,55,72,87,85,299,14.9,0.0%
Toti,DEF,4.5,90,90,86,78,84,338,18.8,0.0%
Tete,DEF,4.5,74,74,73,70,64,281,15.6,0.0%
Cullen,MID,5.0,88,88,86,85,83,342,17.1,0.0%
O'Brien,DEF,5.0,90,90,84,83,82,339,16.9,0.0%
André,MID,5.5,84,84,85,77,78,324,14.7,0.0%
Onana,MID,5.0,83,83,80,65,58,286,14.3,0.0%
Wilson,MID,5.5,54,54,51,52,48,205,9.3,0.0%
Bassey,DEF,4.5,92,92,90,86,81,349,19.4,0.0%
Van Hecke,DEF,4.5,91,91,88,84,85,348,19.3,0.1%
Diouf,DEF,4.5,78,78,77,76,74,305,16.9,3.5%
Onana,GK,5.0,68,68,74,79,78,299,14.9,0.0%
J.Timber,DEF,5.5,74,74,63,64,60,261,11.9,0.0%
Christie,MID,5.0,53,53,69,62,62,246,12.3,0.0%
Wieffer,MID,5.0,68,68,69,64,65,266,13.3,0.0%
J.Palhinha,MID,5.5,75,75,68,70,68,281,12.8,0.1%
Estève,DEF,4.0,93,93,90,88,90,361,22.6,87.8%
Talbi,MID,5.0,64,64,68,68,63,263,13.2,0.0%
Chalobah,DEF,5.0,71,71,60,57,51,239,11.9,0.0%
Todibo,DEF,4.5,73,73,76,74,70,293,16.3,0.0%
Sadiki,MID,5.0,80,80,72,71,72,295,14.8,0.0%
Muniz,FWD,5.5,51,51,52,52,47,202,9.2,0.0%
Garner,MID,5.0,77,77,71,66,67,281,14.1,0.0%
Delap,FWD,6.4,44,44,38,42,38,162,6.3,0.0%
Adams,MID,5.0,83,83,82,64,53,282,14.1,0.0%
Beto,FWD,5.5,53,53,49,48,49,199,9.0,0.0%
Munetsi,MID,5.5,62,62,58,61,58,239,10.9,0.0%
Johnson,MID,7.0,39,39,44,41,47,171,6.1,0.1%
Doherty,DEF,4.5,72,72,70,71,66,279,15.5,0.0%
Yoro,DEF,4.5,79,79,77,70,64,290,16.1,0.0%
Bernardo,MID,6.5,59,59,56,56,49,220,8.5,0.0%
Berge,MID,5.0,80,80,77,73,74,304,15.2,0.0%
Baleba,MID,5.0,75,75,64,62,68,269,13.4,0.0%
Cherki,MID,6.5,40,40,41,34,37,152,5.8,0.0%
Hannibal,MID,5.0,69,69,69,65,66,269,13.4,0.0%
Mings,DEF,4.5,60,60,55,60,58,233,12.9,0.0%
Trafford,GK,5.0,73,73,76,48,51,248,12.4,0.0%
Gittens,MID,6.4,44,44,41,40,40,165,6.4,0.0%
Doku,MID,6.4,46,46,44,44,40,174,6.8,0.0%
Kayode,DEF,4.5,77,77,69,63,58,267,14.8,0.0%
Ugochukwu,MID,5.0,82,82,80,78,73,313,15.7,0.0%
Calafiori,DEF,5.6,57,57,56,51,47,211,9.4,0.0%
Casemiro,MID,5.5,57,57,50,53,51,211,9.6,0.0%
Amad,MID,6.5,55,55,55,50,52,212,8.2,0.0%
De Cuyper,DEF,4.5,75,75,73,67,62,277,15.4,0.9%
Dunk,DEF,4.5,81,81,81,73,70,305,16.9,0.0%
Yarmoliuk,MID,5.0,68,68,64,59,60,251,12.6,0.0%
Barry,FWD,6.0,45,45,50,47,49,191,8.0,0.0%
Smith Rowe,MID,5.9,49,49,52,46,49,196,8.3,0.0%
Adli,MID,5.5,45,45,48,45,46,184,8.4,0.0%
Thiaw,DEF,5.0,51,51,69,62,61,243,12.2,0.0%
Ndoye,MID,6.0,47,47,46,44,46,183,7.6,0.0%
King,MID,4.5,58,58,47,49,51,205,11.4,1.0%
Piroe,FWD,5.5,55,55,48,39,36,178,8.1,0.5%
Mayenda,FWD,5.5,58,58,54,51,53,216,9.8,0.0%
Bijol,DEF,4.0,45,45,61,76,74,256,16.0,0.1%
Henderson,MID,5.0,61,61,62,57,52,232,11.6,0.0%
Bentancur,MID,5.5,56,56,55,59,54,224,10.2,0.0%
Mykolenko,DEF,5.0,48,20,83,81,81,265,13.3,0.0%
Branthwaite,DEF,5.4,43,18,68,81,81,248,11.5,0.0%
Madueke,MID,7.0,50,50,44,37,30,161,5.8,0.2%
O'Riley,MID,5.5,57,57,38,41,41,177,8.0,0.0%
Spence,DEF,4.5,75,75,50,54,46,225,12.5,0.3%
Fofana,DEF,4.5,29,29,47,71,69,216,12.0,0.0%
Ballard,DEF,4.6,84,63,81,75,72,291,15.8,0.2%
Ekdal,DEF,4.0,87,87,77,59,64,287,17.9,0.7%
Reinildo,DEF,4.0,79,79,75,75,74,303,18.9,0.3%
Estêvão,MID,6.5,36,36,36,36,41,149,5.7,0.1%
Calvert-Lewin,FWD,5.5,24,18,36,48,50,152,6.9,0.0%
Smith,DEF,4.5,68,68,64,66,66,264,14.7,0.0%
Gnonto,MID,5.5,53,53,45,42,40,180,8.2,0.0%
Ayari,MID,5.0,56,56,58,47,52,213,10.7,0.0%
Wilson,FWD,6.0,33,33,43,42,43,161,6.7,0.0%
Frimpong,DEF,5.9,0,0,29,57,69,155,6.6,0.2%
Alcaraz,MID,5.5,50,50,40,46,43,179,8.1,0.0%
Flemming,FWD,5.5,45,45,50,42,43,180,8.2,0.0%
Møller Wolfe,DEF,4.5,64,64,61,66,58,249,13.8,0.0%
Alderete,DEF,4.0,76,76,68,47,52,243,15.2,0.5%
Tanaka,MID,5.0,78,59,63,57,54,233,11.7,0.0%
Sessegnon,MID,5.4,50,50,42,41,42,175,8.1,0.0%
Lewis-Potter,DEF,5.0,53,53,54,48,44,199,9.9,0.0%
Burn,DEF,5.0,79,79,43,38,43,203,10.2,0.0%
J.Ramsey,MID,5.5,48,48,39,43,28,158,7.2,0.0%
Bobb,MID,5.5,52,52,41,29,25,147,6.7,0.0%
Hughes,MID,5.0,63,63,44,49,45,201,10.1,0.0%
Souček,MID,5.9,49,49,48,44,47,188,8.0,0.0%
Bradley,DEF,5.0,48,48,50,34,22,154,7.7,0.0%
Tosin,DEF,4.5,61,61,44,34,34,173,9.6,1.2%
Bellegarde,MID,5.5,39,39,42,41,42,164,7.5,0.0%
Wissa,FWD,7.5,21,16,23,54,49,142,4.7,0.1%
Walker,DEF,4.5,89,89,84,77,81,331,18.4,0.0%
Maatsen,DEF,4.5,40,40,40,41,39,160,8.9,0.0%
Mukiele,DEF,4.0,55,55,72,68,63,258,16.1,0.0%
Dalot,DEF,4.5,58,58,52,56,49,215,11.9,0.0%
Shaw,DEF,4.5,61,61,51,49,42,203,11.3,0.0%
Bergvall,MID,5.5,44,44,40,45,41,170,7.7,0.0%
Edwards,MID,4.9,46,46,42,42,42,172,8.8,0.0%
Pau,DEF,4.5,45,45,45,45,48,183,10.2,0.0%
C.Jones,MID,5.4,33,33,34,39,40,146,6.8,0.0%
Kamada,MID,5.0,44,11,48,47,47,153,7.7,0.0%
Hartman,DEF,4.0,72,72,67,64,63,266,16.6,0.4%
Tchatchoua,DEF,4.5,55,55,47,50,44,196,10.9,0.0%
J.Murphy,MID,6.4,45,45,33,32,21,131,5.1,0.0%
Udogie,DEF,4.4,34,14,59,51,56,180,10.2,0.0%
Danso,DEF,4.4,46,46,45,44,37,172,9.8,0.0%
Gusto,DEF,5.0,37,37,35,45,38,155,7.8,0.0%
Henry,DEF,4.5,44,44,50,53,50,197,10.9,0.0%
McAtee,MID,5.5,32,32,31,31,33,127,5.8,0.0%
Lewis,DEF,5.0,44,44,41,40,38,163,8.2,0.0%
E.Le Fée,MID,4.9,35,35,38,44,45,162,8.3,0.0%
Matheus N.,DEF,5.4,33,33,38,40,37,148,6.9,0.0%
Broja,FWD,5.5,30,23,38,41,42,144,6.5,0.0%
Hutchinson,MID,5.5,29,29,31,31,36,127,5.8,0.0%
Saka,MID,10.0,0,0,10,42,70,122,3.0,4.2%
Carvalho,MID,5.0,32,32,31,28,27,118,5.9,0.0%
Kalimuendo,FWD,6.0,26,26,28,31,30,115,4.8,0.0%
Bruun Larsen,MID,5.5,37,37,34,36,37,144,6.5,0.0%
Gruda,MID,5.5,33,33,32,31,31,127,5.8,0.0%
Trossard,MID,6.9,37,37,28,24,19,108,3.9,0.0%
Stones,DEF,5.5,50,50,33,34,33,150,6.8,0.0%
Scott,MID,5.0,45,45,35,32,26,138,6.9,0.0%
Trippier,DEF,5.0,45,45,33,27,26,131,6.5,0.0%
Tel,MID,6.4,19,19,24,25,23,91,3.6,0.0%
Mount,MID,6.0,31,31,29,33,33,126,5.3,0.0%
Hume,DEF,4.5,63,63,39,43,48,193,10.7,0.0%
Fer López,MID,5.5,30,30,25,31,25,111,5.0,0.0%
Esse,MID,5.0,27,27,29,25,27,108,5.4,0.0%
Hoever,DEF,4.0,36,27,44,38,37,146,9.1,0.0%
McNeil,MID,5.9,31,31,29,33,27,120,5.1,0.0%
Lerma,MID,5.0,35,35,37,34,35,141,7.0,0.0%
Milambo,MID,5.5,32,32,29,27,31,119,5.4,0.0%
Ugarte,MID,5.0,39,39,36,31,35,141,7.0,0.0%
Gruev,MID,5.0,61,61,41,29,23,154,7.7,0.0%
Robertson,DEF,6.0,25,25,30,27,25,107,4.5,0.0%
Willock,MID,5.0,37,37,25,27,23,112,5.6,0.0%
Ampadu,MID,5.0,0,0,30,61,68,159,8.0,0.0%
Hinshelwood,MID,5.4,31,31,33,38,34,136,6.3,0.0%
White,DEF,5.5,22,17,36,31,35,119,5.4,0.0%
Martinelli,MID,7.0,30,30,24,18,17,89,3.2,0.0%
Keane,DEF,4.5,76,76,29,15,14,134,7.4,0.0%
Walker-Peters,DEF,4.5,29,29,40,39,36,144,8.0,0.0%
Lewis-Skelly,DEF,5.4,31,31,27,34,32,124,5.7,0.0%
Sangaré,MID,5.0,41,41,26,24,27,118,5.9,0.0%
Brooks,MID,5.0,26,26,22,21,25,94,4.7,0.0%
Ederson M.,GK,5.4,18,18,15,46,46,125,5.8,0.0%
Osula,FWD,5.5,59,59,10,8,5,82,3.7,0.0%
Longstaff,MID,5.0,35,35,31,30,25,121,6.0,0.0%
Hee Chan,MID,5.9,16,16,19,21,22,78,3.3,0.0%
G.Rodriguez,MID,5.0,31,31,32,35,30,128,6.4,0.0%
Roberts,MID,5.4,23,23,26,25,23,97,4.5,0.0%
Dowman,MID,4.5,31,31,22,20,10,83,4.6,0.0%
Nmecha,FWD,5.0,26,26,22,16,16,80,4.0,0.0%
Summerville,MID,5.5,0,0,18,37,42,97,4.4,0.0%
Hato,DEF,4.9,26,26,32,26,25,109,5.6,0.0%
M.França,MID,4.5,17,15,21,20,21,77,4.3,0.0%
Merino,MID,5.9,28,28,24,21,20,93,3.9,0.0%
Jensen,MID,5.0,24,24,24,25,24,97,4.8,0.0%
Maguire,DEF,4.5,34,34,31,28,26,119,6.6,0.0%
N.Gonzalez,MID,6.0,39,39,27,20,16,102,4.3,0.0%
Gomez,MID,5.0,19,19,28,26,26,99,5.0,0.0%
Adama,MID,5.4,22,22,22,19,21,84,3.9,0.0%
Aaronson,MID,5.5,27,27,24,19,17,87,4.0,0.0%
Aké,DEF,5.5,36,36,23,19,26,104,4.7,0.0%
S.Bueno,DEF,4.5,27,27,28,38,35,128,7.1,0.0%
Mazraoui,DEF,4.9,34,14,36,36,36,122,6.2,0.0%
Foster,FWD,5.0,31,31,19,21,19,90,4.5,0.0%
Marc Guiu,FWD,4.5,17,17,25,21,24,87,4.8,88.3%
Cairney,MID,5.0,19,19,21,24,25,89,4.5,0.0%
Struijk,DEF,4.5,46,46,29,14,25,114,6.3,0.0%
Savinho,MID,6.9,0,0,12,22,28,62,2.2,0.1%
Gomez,DEF,5.0,28,28,22,21,23,94,4.7,0.0%
F.Kadıoğlu,DEF,4.5,23,23,25,27,33,108,6.0,0.0%
J.Araujo,DEF,4.0,27,27,25,28,25,105,6.6,0.0%
Odobert,MID,5.4,14,14,16,15,20,65,3.0,0.0%
Castagne,DEF,4.5,22,22,24,30,27,103,5.7,0.0%
Patterson,DEF,4.5,34,14,27,22,29,92,5.1,0.0%
Potts,MID,4.5,22,22,22,24,26,94,5.2,0.1%
L.Miley,MID,4.5,37,37,13,18,14,82,4.6,0.0%
Isidor,FWD,5.5,20,20,20,15,19,74,3.4,0.0%
Cook,MID,5.0,0,0,0,37,53,90,4.5,0.0%
Gray,MID,5.0,25,25,22,22,28,97,4.8,0.0%
Nwaneri,MID,5.4,20,20,18,13,10,61,2.8,0.0%
Barkley,MID,4.9,20,5,24,19,15,63,3.2,0.0%
Iroegbunam,MID,5.0,27,27,16,21,19,83,4.2,0.0%
Buendía,MID,5.4,18,18,13,14,13,58,2.7,0.0%
Kamara,MID,5.0,0,0,0,30,59,89,4.5,0.0%
Botman,DEF,5.0,40,40,10,14,17,81,4.0,0.0%
A.Ramsey,MID,4.5,10,10,16,18,27,71,3.9,0.0%
Khusanov,DEF,5.4,28,28,17,17,20,82,3.8,0.0%
Chiesa,MID,6.5,8,8,11,12,14,45,1.7,0.0%
Elliott,MID,5.4,11,11,13,13,15,52,2.4,0.0%
Martinez,DEF,4.9,0,0,2,29,58,89,4.5,0.0%
Laurent,MID,5.0,16,16,25,18,23,82,4.1,0.0%
Hickey,DEF,4.0,11,11,21,26,31,89,5.6,0.0%
Mainoo,MID,4.9,12,12,18,19,20,69,3.5,0.0%
Bissouma,MID,5.4,17,7,19,25,22,73,3.4,0.0%
Gannon-Doak,MID,5.0,14,14,15,13,14,56,2.8,0.0%
Coppola,DEF,4.5,13,13,22,25,21,81,4.5,0.0%
Morato,DEF,4.5,10,10,14,22,22,68,3.8,0.0%
Clyne,DEF,4.0,10,10,18,25,22,75,4.7,0.0%
Bogarde,DEF,4.0,19,19,19,18,16,72,4.5,0.0%
Gordon,MID,7.5,0,0,0,0,65,65,2.2,0.2%
Sonne,DEF,4.0,22,22,21,25,18,86,5.4,0.0%
Igor Jesus,FWD,5.9,10,10,10,14,11,45,1.9,0.0%
O'Nien,DEF,4.0,0,0,19,40,45,104,6.5,0.0%
Zirkzee,FWD,6.0,9,9,13,15,13,50,2.1,0.0%
Sosa,DEF,5.0,14,14,15,16,18,63,3.1,0.0%
Bayindir,GK,5.0,26,26,20,14,18,78,3.9,0.0%
Boscagli,DEF,4.5,11,11,17,27,24,79,4.4,0.0%
Hill,DEF,4.0,10,10,17,22,22,71,4.4,0.0%
H.Bueno,DEF,4.5,15,15,19,19,15,68,3.8,0.0%
Gündoğan,MID,6.4,16,16,12,10,12,50,2.0,0.0%
Tzimas,FWD,5.5,9,9,9,12,12,42,1.9,0.0%
R.Gomes,DEF,4.5,12,12,17,15,17,61,3.4,0.0%
Bornauw,DEF,4.0,18,18,19,17,22,76,4.8,0.0%
Yates,MID,5.0,16,16,13,15,15,59,3.0,0.0%
Tuanzebe,DEF,4.0,8,6,19,31,39,95,5.9,0.0%
Kovačić,MID,6.0,0,0,15,19,21,55,2.3,0.0%
Ramazani,MID,4.9,10,10,8,12,11,41,2.1,0.0%
Andrey Santos,MID,4.5,14,14,16,11,14,55,3.1,0.0%
Ajer,DEF,4.5,14,14,20,16,16,66,3.7,0.0%
Harrison,MID,5.4,10,10,9,10,11,40,1.9,0.0%
Byram,DEF,4.0,14,14,11,18,17,60,3.8,0.0%
J.Cuenca,DEF,4.5,15,15,17,13,14,59,3.3,0.0%
Mavropanos,DEF,4.5,11,11,18,17,17,63,3.5,0.0%
Pinnock,DEF,4.5,6,5,14,20,18,57,3.2,0.0%
Lavia,MID,4.9,17,7,14,14,16,51,2.6,0.0%
Irving,MID,4.5,9,9,10,12,12,43,2.4,0.0%
Mosquera,DEF,4.5,7,7,13,19,22,61,3.4,0.0%
Édouard,FWD,5.0,3,3,8,5,8,24,1.2,0.0%
Humphreys,DEF,4.0,18,14,19,17,18,68,4.3,0.0%
Neil,MID,5.0,14,14,15,13,16,58,2.9,0.0%
Veltman,DEF,4.4,13,13,15,13,17,58,3.3,0.0%
Rigg,MID,5.0,6,6,8,12,10,36,1.8,0.0%
Janelt,MID,5.0,0,0,7,14,23,44,2.2,0.0%
Masuaku,DEF,4.0,18,18,13,11,13,55,3.4,0.0%
Scarles,DEF,4.5,13,13,10,10,9,42,2.3,0.0%
N.Jackson,FWD,6.5,0,0,3,12,11,26,1.0,0.0%
Buonanotte,MID,4.9,6,6,7,5,6,24,1.2,0.0%
Leif Davis,DEF,99.9,0,0,11,13,13,37,0.1,0.0%
George,MID,5.0,6,6,7,3,6,22,1.1,0.0%
O’Reilly,DEF,5.0,11,11,7,7,5,30,1.5,0.0%
Lucas Pires,DEF,4.0,13,13,14,16,14,57,3.6,0.0%
Watson,MID,5.0,3,3,6,4,6,19,0.9,0.0%
Awoniyi,FWD,5.4,3,3,5,5,5,18,0.8,0.0%
Mosquera,DEF,5.4,9,9,8,12,13,42,1.9,0.0%
Acheampong,DEF,4.0,7,7,8,9,9,33,2.1,0.0%
Kroupi.Jr,FWD,4.5,3,3,5,5,6,19,1.1,3.7%
Endo,MID,5.0,5,5,6,6,7,24,1.2,0.0%
Davies,DEF,4.5,14,14,7,10,7,38,2.1,0.0%
Tsimikas,DEF,4.9,4,4,5,9,9,27,1.4,0.0%
Benson,MID,5.5,6,6,4,5,6,21,1.0,0.0%
Benitez,GK,4.0,6,6,11,9,8,34,2.1,0.3%
Tchaouna,MID,5.0,4,4,6,3,5,18,0.9,0.0%
Kiwior,DEF,5.4,4,4,7,9,12,32,1.5,0.0%
Nørgaard,MID,5.4,0,0,4,12,13,29,1.3,0.0%
Cornet,MID,4.9,5,5,4,4,2,15,0.8,0.0%
A.García,DEF,4.0,4,1,4,6,8,19,1.2,0.0%
Carney Chukwuemeka,MID,99.9,3,3,3,5,4,15,0.0,0.0%
Mamardashvili,GK,4.4,1,1,6,10,11,28,1.6,0.0%
David Datro Fofana,FWD,99.9,5,5,3,3,1,12,0.0,0.0%
H.Traorè,MID,4.5,3,3,3,3,4,13,0.7,0.0%
Aznou,DEF,4.4,18,18,2,4,5,29,1.6,0.0%
Akanji,DEF,5.4,8,8,9,8,7,32,1.5,0.0%
J.Rak-Sakyi,MID,4.5,2,2,2,3,3,10,0.6,0.0%
Kalajdžić,FWD,5.0,1,1,3,3,5,12,0.6,0.0%
Ramsdale,GK,5.0,3,3,5,6,12,26,1.3,0.0%
Jota,MID,5.5,1,1,1,4,4,10,0.5,0.0%
Havertz,FWD,7.4,0,0,0,7,10,17,0.6,0.0%
Jair Cunha,DEF,4.5,1,1,5,7,12,25,1.4,0.0%
Lamptey,DEF,4.5,4,4,5,7,5,21,1.2,0.0%
Kostoulas,FWD,5.0,2,2,2,3,4,11,0.6,0.0%
Zinchenko,DEF,5.0,5,5,3,6,4,18,0.9,0.0%
Onyeka,MID,5.0,6,6,6,2,7,21,1.1,0.0%
D.Essugo,MID,4.5,2,2,2,3,5,12,0.7,0.0%
Philip,MID,5.0,3,3,4,1,2,10,0.5,0.0%
Browne,MID,4.5,4,4,4,3,6,17,0.9,0.0%
Marshall,FWD,4.5,2,2,2,3,3,10,0.6,0.1%
Iling Jr,MID,5.5,3,3,4,2,4,13,0.6,0.0%
Poveda,MID,5.0,2,2,2,4,3,11,0.6,0.0%
Sima,MID,5.5,2,2,1,2,3,8,0.4,0.0%
Raheem Sterling,FWD,99.9,2,2,2,2,1,7,0.0,0.0%
Ahamada,MID,4.5,5,5,2,3,4,14,0.8,0.0%
Reed,MID,4.5,1,1,2,4,4,11,0.6,0.0%
Diop,DEF,4.5,5,5,5,7,10,27,1.5,0.0%
Igor,DEF,4.5,4,4,6,7,8,25,1.4,0.0%
Y.Chermiti,FWD,5.0,1,1,2,2,3,8,0.4,0.0%
Soler,DEF,4.0,3,3,5,5,5,18,1.1,0.0%
Seelt,DEF,4.0,15,15,6,2,2,25,1.6,0.0%
Obi,FWD,4.5,1,1,1,2,3,7,0.4,0.0%
Leoni,DEF,5.0,2,2,2,3,4,11,0.6,0.0%
Jimoh-Aloba,MID,4.5,3,3,2,1,1,7,0.4,0.0%
Coleman,DEF,4.5,4,4,1,3,4,12,0.7,0.0%
Mateus Mané,FWD,99.9,0,0,1,2,3,6,0.0,0.0%
Areola,GK,4.5,3,3,2,6,5,16,0.9,0.0%
Krafth,DEF,4.5,7,7,3,3,2,15,0.8,0.0%
Jörgensen,GK,4.5,1,1,3,4,5,13,0.7,0.0%
O.Richards,DEF,4.5,3,3,3,4,3,13,0.7,0.0%
Pedro Lima,DEF,4.0,3,3,3,2,4,12,0.8,0.0%
Bajcetic,MID,4.5,0,0,1,2,1,4,0.2,0.0%
Nunes,MID,5.0,0,0,0,3,2,5,0.3,0.0%
Jordan,DEF,4.0,0,0,2,5,12,19,1.2,0.0%
Bryan,MID,5.0,0,0,0,2,2,4,0.2,0.0%
Obafemi,FWD,4.5,1,1,0,1,2,4,0.2,0.1%
Heaven,DEF,4.0,2,2,4,2,1,9,0.6,0.0%
Ji-soo,DEF,4.0,2,2,2,3,2,9,0.6,0.0%
Kinsky,GK,4.0,1,1,2,4,3,10,0.6,0.0%
Gunn,GK,4.0,1,1,2,3,2,8,0.5,0.0%
Schmidt,DEF,4.0,1,1,1,2,3,7,0.4,0.0%
Emerson,DEF,4.4,1,1,2,1,1,5,0.3,0.0%
Godo,MID,4.5,0,0,1,1,1,3,0.2,0.0%
Arrizabalaga,GK,4.5,2,2,1,2,3,8,0.4,0.0%
Mepham,DEF,4.0,0,0,3,4,5,12,0.8,0.0%
Weiss,GK,4.5,0,0,1,5,3,9,0.5,0.0%
Johnstone,GK,4.5,0,0,1,3,4,8,0.4,0.0%
Sarmiento,MID,5.0,0,0,2,1,0,3,0.1,0.0%
M.Bizot,GK,4.5,1,1,2,1,2,6,0.3,0.1%
Solomon,MID,5.4,0,0,0,1,1,2,0.1,0.0%
B.Badiashile,DEF,4.4,0,0,1,3,5,9,0.5,0.0%
Nkunku,MID,6.0,0,0,0,1,1,2,0.1,0.0%
Lecomte,GK,4.0,1,1,1,3,1,6,0.4,0.0%
Nelson,MID,5.0,1,1,1,0,0,2,0.1,0.0%
Malacia,DEF,4.0,1,1,1,1,1,4,0.3,0.0%
Patterson,GK,4.5,1,1,2,3,2,8,0.4,0.0%
Højlund,FWD,6.4,0,0,0,1,2,3,0.1,0.0%
Neave,FWD,4.5,3,3,0,0,0,3,0.2,0.0%
Roberts,DEF,4.5,0,0,0,4,5,9,0.5,0.0%
Barnes,FWD,4.5,1,1,1,1,0,3,0.2,0.2%
Darlow,GK,4.0,2,2,1,0,3,6,0.4,0.2%
Dragusin,DEF,4.5,0,0,0,0,6,6,0.3,0.0%
Dennis,GK,4.0,3,3,0,2,2,7,0.4,0.0%
Cirkin,DEF,4.0,0,0,1,4,4,9,0.6,0.0%
Steele,GK,4.5,1,1,1,1,2,5,0.3,0.0%
Peart-Harris,MID,4.5,1,1,0,0,1,2,0.1,0.0%
Valdimarsson,GK,4.0,1,1,1,2,2,6,0.4,0.6%
G.Jesus,FWD,6.5,0,0,0,0,3,3,0.1,0.0%
Armstrong,MID,4.5,2,2,0,2,0,4,0.2,0.0%
Seung soo,MID,4.5,2,2,0,0,0,2,0.1,0.0%
Sambi,MID,4.5,0,0,1,0,1,2,0.1,0.0%
Amass,DEF,4.0,0,0,1,1,1,3,0.2,0.0%
Travers,GK,4.5,0,0,1,0,2,3,0.2,0.0%
Hjelde,DEF,4.0,0,0,0,1,1,2,0.1,0.0%
Kuol,MID,4.5,1,1,0,0,0,1,0.1,0.0%
Antoñito C.,MID,5.0,1,1,0,0,0,1,0.1,0.0%
Bamford,FWD,4.9,0,0,0,0,1,1,0.1,0.0%
Trésor,MID,4.5,0,0,0,0,1,1,0.1,0.0%
Redmond,FWD,4.5,0,0,0,1,0,1,0.1,0.0%
Faivre,MID,4.5,0,0,0,0,1,1,0.1,0.0%
Boly,DEF,4.0,0,0,1,0,1,2,0.1,0.0%
Kporha,DEF,4.0,0,0,0,1,1,2,0.1,0.0%
Targett,DEF,4.0,2,2,0,0,0,2,0.1,0.0%
Kone,MID,4.5,0,0,0,0,1,1,0.1,0.0%
Worrall,DEF,4.0,0,0,0,2,1,3,0.2,0.0%
Delcroix,DEF,4.0,1,1,0,1,0,2,0.1,0.0%
Axel Disasi,DEF,99.9,0,0,0,1,1,2,0.0,0.0%
Maghoma,MID,4.5,0,0,0,0,1,1,0.1,0.0%
Pond,DEF,4.0,0,0,0,1,0,1,0.1,0.0%
Ben Chilwell,DEF,99.9,0,0,0,0,1,1,0.0,0.0%
Pembele,DEF,4.0,0,0,1,0,0,1,0.1,0.0%
Meslier,GK,4.5,0,0,0,0,1,1,0.1,0.0%
Bevan,DEF,4.0,0,0,0,0,1,1,0.1,0.0%
Alese,DEF,4.0,0,0,0,0,1,1,0.1,0.0%
Hein,GK,4.0,0,0,0,0,0,0,0.0,0.0%
Setford,GK,4.0,0,0,0,0,0,0,0.0,0.0%
Clarke,DEF,4.0,0,0,0,0,0,0,0.0,0.0%
Kacurri,DEF,4.0,0,0,0,0,0,0,0.0,0.0%
Nichols,DEF,4.0,0,0,0,0,0,0,0.0,0.0%
Fábio Vieira,MID,5.5,0,0,0,0,0,0,0.0,0.0%
Kabia,MID,4.5,0,0,0,0,0,0,0.0,0.0%
Gauci,GK,4.0,0,0,0,0,0,0,0.0,0.0%
Marschall,GK,4.0,0,0,0,0,0,0,0.0,0.0%
Alex Moreno,DEF,4.0,0,0,0,0,0,0,0.0,0.0%
Sousa,DEF,4.0,0,0,0,0,0,0,0.0,0.0%
Yasin,DEF,4.0,0,0,0,0,0,0,0.0,0.0%
Bailey,MID,5.5,0,0,0,0,0,0,0.0,0.0%
Barrenechea,MID,5.0,0,0,0,0,0,0,0.0,0.0%
Dobbin,MID,5.0,0,0,0,0,0,0,0.0,0.0%
Broggio,MID,4.5,0,0,0,0,0,0,0.0,0.0%
Dendoncker,MID,4.5,0,0,0,0,0,0,0.0,0.0%
Young,MID,4.5,0,0,0,0,0,0,0.0,0.0%
Neto,GK,4.5,0,0,0,0,0,0,0.0,0.0%
McKenna,GK,4.0,0,0,0,0,0,0,0.0,0.0%
Paulsen,GK,4.0,0,0,0,0,0,0,0.0,0.0%
Zabarnyi,DEF,5.0,0,0,0,0,0,0,0.0,0.0%
Akinmboni,DEF,4.0,0,0,0,0,0,0,0.0,0.0%
Sinisterra,MID,5.0,0,0,0,0,0,0,0.0,0.0%
Sadi,MID,4.5,0,0,0,0,0,0,0.0,0.0%
Silcott-Duberry,MID,4.5,0,0,0,0,0,0,0.0,0.0%
Winterburn,MID,4.5,0,0,0,0,0,0,0.0,0.0%
Enes Ünal,FWD,5.5,0,0,0,0,0,0,0.0,0.0%
Adu-Adjei,FWD,4.5,0,0,0,0,0,0,0.0,0.1%
Balcombe,GK,4.0,0,0,0,0,0,0,0.0,0.0%
Cox,GK,4.0,0,0,0,0,0,0,0.0,0.0%
Eyestone,GK,4.0,0,0,0,0,0,0,0.0,0.0%
Roerslev,DEF,4.5,0,0,0,0,0,0,0.0,0.0%
Arthur,DEF,4.0,0,0,0,0,0,0,0.0,0.0%
Fredrick,DEF,4.0,0,0,0,0,0,0,0.0,0.0%
Meghoma,DEF,4.0,0,0,0,0,0,0,0.0,0.0%
Donovan,MID,4.5,0,0,0,0,0,0,0.0,0.0%
Konak,MID,4.5,0,0,0,0,0,0,0.0,0.0%
Trevitt,MID,4.5,0,0,0,0,0,0,0.0,0.0%
Morgan,FWD,4.5,0,0,0,0,0,0,0.0,0.0%
McGill,GK,4.0,0,0,0,0,0,0,0.0,0.0%
Rushworth,GK,4.0,0,0,0,0,0,0,0.0,0.0%
Scherpen,GK,4.0,0,0,0,0,0,0,0.0,0.0%
Estupiñan,DEF,4.5,0,0,0,0,0,0,0.0,0.0%
Webster,DEF,4.5,0,0,0,0,0,0,0.0,0.0%
Cashin,DEF,4.0,0,0,0,0,0,0,0.0,0.0%
Slater,DEF,4.0,0,0,0,0,0,0,0.0,0.0%
Tasker,DEF,4.0,0,0,0,0,0,0,0.0,0.0%
March,MID,5.9,0,0,0,0,0,0,0.0,0.0%
Enciso,MID,5.4,0,0,0,0,0,0,0.0,0.0%
Milner,MID,5.0,0,0,0,0,0,0,0.0,0.0%
Yalcouye,MID,5.0,0,0,0,0,0,0,0.0,0.0%
Knight,MID,4.5,0,0,0,0,0,0,0.0,0.0%
Mazilu,MID,4.5,0,0,0,0,0,0,0.0,0.0%
Moran,MID,4.5,0,0,0,0,0,0,0.0,0.0%
Ferguson,FWD,5.5,0,0,0,0,0,0,0.0,0.0%
Green,GK,4.0,0,0,0,0,0,0,0.0,0.0%
Hladký,GK,4.0,0,0,0,0,0,0,0.0,0.0%
Dodgson,DEF,4.0,0,0,0,0,0,0,0.0,0.0%
Sambo,DEF,4.0,0,0,0,0,0,0,0.0,0.0%
Boateng,MID,5.0,0,0,0,0,0,0,0.0,0.0%
Churlinov,MID,5.0,0,0,0,0,0,0,0.0,0.0%
Koleosho,MID,5.0,0,0,0,0,0,0,0.0,0.0%
Adewumi,MID,4.5,0,0,0,0,0,0,0.0,0.0%
Banel,MID,4.5,0,0,0,0,0,0,0.0,0.0%
Amdouni,FWD,5.0,0,0,0,0,0,0,0.0,0.0%
Penders,GK,4.0,0,0,0,0,0,0,0.0,0.0%
Slonina,GK,4.0,0,0,0,0,0,0,0.0,0.0%
Colwill,DEF,4.9,0,0,0,0,0,0,0.0,0.0%
M.Sarr,DEF,4.5,0,0,0,0,0,0,0.0,0.0%
Anselmino,DEF,4.0,0,0,0,0,0,0,0.0,0.0%
Mudryk,MID,5.0,0,0,0,0,0,0,0.0,0.0%
Paez,MID,4.5,0,0,0,0,0,0,0.0,0.0%
Matthews,GK,4.0,0,0,0,0,0,0,0.0,0.0%
Chadi Riad,DEF,4.0,0,0,0,0,0,0,0.0,0.0%
Holding,DEF,4.0,0,0,0,0,0,0,0.0,0.0%
Doucouré,MID,5.0,0,0,0,0,0,0,0.0,0.0%
Agbinone,MID,4.5,0,0,0,0,0,0,0.0,0.0%
Ebiowei,MID,4.5,0,0,0,0,0,0,0.0,0.0%
Ozoh,MID,4.5,0,0,0,0,0,0,0.0,0.0%
Rodney,MID,4.5,0,0,0,0,0,0,0.0,0.0%
Umeh,MID,4.5,0,0,0,0,0,0,0.0,0.0%
Nketiah,FWD,5.4,0,0,0,0,0,0,0.0,0.0%
Marsh,FWD,4.5,0,0,0,0,0,0,0.0,0.0%
Tyrer,GK,4.0,0,0,0,0,0,0,0.0,0.0%
Dixon,DEF,4.0,0,0,0,0,0,0,0.0,0.0%
Welch,DEF,4.0,0,0,0,0,0,0,0.0,0.0%
Bates,MID,4.5,0,0,0,0,0,0,0.0,0.0%
Ebere,MID,4.5,0,0,0,0,0,0,0.0,0.0%
Heath,MID,4.5,0,0,0,0,0,0,0.0,0.0%
Metcalfe,MID,4.5,0,0,0,0,0,0,0.0,0.0%
Sherif,FWD,4.5,0,0,0,0,0,0,0.0,0.0%
Benda,GK,4.0,0,0,0,0,0,0,0.0,0.0%
Amissah,DEF,4.0,0,0,0,0,0,0,0.0,0.0%
Andreas,MID,5.4,0,0,0,0,0,0,0.0,0.0%
Harris,MID,4.5,0,0,0,0,0,0,0.0,0.0%
Cairns,GK,4.0,0,0,0,0,0,0,0.0,0.0%
Greenwood,MID,4.9,0,0,0,0,0,0,0.0,0.0%
Crew,MID,4.5,0,0,0,0,0,0,0.0,0.0%
Gelhardt,MID,4.5,0,0,0,0,0,0,0.0,0.0%
Gyabi,MID,4.5,0,0,0,0,0,0,0.0,0.0%
Mateo Joseph,FWD,5.0,0,0,0,0,0,0,0.0,0.0%
Pécsi,GK,4.0,0,0,0,0,0,0,0.0,0.0%
Woodman,GK,4.0,0,0,0,0,0,0,0.0,0.0%
Nallo,DEF,4.0,0,0,0,0,0,0,0.0,0.0%
R.Williams,DEF,4.0,0,0,0,0,0,0,0.0,0.0%
Ramsay,DEF,4.0,0,0,0,0,0,0,0.0,0.0%
Luis Díaz,MID,8.0,0,0,0,0,0,0,0.0,0.0%
McConnell,MID,4.5,0,0,0,0,0,0,0.0,0.0%
Morton,MID,4.5,0,0,0,0,0,0,0.0,0.0%
Nyoni,MID,4.4,0,0,0,0,0,0,0.0,0.0%
Darwin,FWD,6.5,0,0,0,0,0,0,0.0,0.0%
Danns,FWD,4.5,0,0,0,0,0,0,0.0,0.0%
Ortega Moreno,GK,5.0,0,0,0,0,0,0,0.0,0.0%
Bettinelli,GK,4.0,0,0,0,0,0,0,0.0,0.0%
Vitor Reis,DEF,5.0,0,0,0,0,0,0,0.0,0.0%
Echeverri,MID,5.4,0,0,0,0,0,0,0.0,0.0%
Nypan,MID,5.0,0,0,0,0,0,0,0.0,0.0%
Phillips,MID,5.0,0,0,0,0,0,0,0.0,0.0%
Harrison,GK,4.0,0,0,0,0,0,0,0.0,0.0%
Heaton,GK,4.0,0,0,0,0,0,0,0.0,0.0%
Mee,GK,4.0,0,0,0,0,0,0,0.0,0.0%
D.Leon,DEF,4.5,0,0,0,0,0,0,0.0,0.0%
Fredricson,DEF,4.0,0,0,0,0,0,0,0.0,0.0%
Rashford,MID,7.0,0,0,0,0,0,0,0.0,0.2%
Garnacho,MID,6.4,0,0,0,0,0,0,0.0,0.0%
Antony,MID,5.9,0,0,0,0,0,0,0.0,0.0%
Sancho,MID,5.9,0,0,0,0,0,0,0.0,0.0%
Collyer,MID,4.5,0,0,0,0,0,0,0.0,0.0%
Fitzgerald,MID,4.5,0,0,0,0,0,0,0.0,0.0%
J.Fletcher,MID,4.5,0,0,0,0,0,0,0.0,0.0%
Moorhouse,MID,4.5,0,0,0,0,0,0,0.0,0.0%
Wheatley,FWD,4.5,0,0,0,0,0,0,0.0,0.2%
Gillespie,GK,4.0,0,0,0,0,0,0,0.0,0.0%
Odysseas,GK,4.0,0,0,0,0,0,0,0.0,0.0%
Lascelles,DEF,4.5,0,0,0,0,0,0,0.0,0.0%
A.Murphy,DEF,4.0,0,0,0,0,0,0,0.0,0.0%
Ashby,DEF,4.0,0,0,0,0,0,0,0.0,0.0%
Pivas,DEF,4.0,0,0,0,0,0,0,0.0,0.0%
Hayden,MID,4.5,0,0,0,0,0,0,0.0,0.0%
White,MID,4.5,0,0,0,0,0,0,0.0,0.0%
C.Miguel,GK,4.0,0,0,0,0,0,0,0.0,0.0%
Turner,GK,4.0,0,0,0,0,0,0,0.0,0.0%
David Carmo,DEF,4.5,0,0,0,0,0,0,0.0,0.0%
Abbott,DEF,4.0,0,0,0,0,0,0,0.0,0.0%
Dominguez,MID,5.0,0,0,0,0,0,0,0.0,0.0%
O'Brien,MID,5.0,0,0,0,0,0,0,0.0,0.0%
Da Silva Moreira,MID,4.5,0,0,0,0,0,0,0.0,0.0%
Stamenic,MID,4.5,0,0,0,0,0,0,0.0,0.0%
Moore,GK,4.0,0,0,0,0,0,0,0.0,0.0%
Nna Noukeu,GK,4.0,0,0,0,0,0,0,0.0,0.0%
Anderson,DEF,4.0,0,0,0,0,0,0,0.0,0.0%
Huggins,DEF,4.0,0,0,0,0,0,0,0.0,0.0%
Johnson,DEF,4.0,0,0,0,0,0,0,0.0,0.0%
Aleksić,MID,5.0,0,0,0,0,0,0,0.0,0.0%
Mundle,MID,5.0,0,0,0,0,0,0,0.0,0.0%
Ba,MID,4.5,0,0,0,0,0,0,0.0,0.0%
Ekwah,MID,4.5,0,0,0,0,0,0,0.0,0.0%
H.Jones,MID,4.5,0,0,0,0,0,0,0.0,0.0%
Matete,MID,4.5,0,0,0,0,0,0,0.0,0.0%
Triantis,MID,4.5,0,0,0,0,0,0,0.0,0.0%
Abdullahi,FWD,4.5,0,0,0,0,0,0,0.0,0.1%
Luís Hemir,FWD,4.5,0,0,0,0,0,0,0.0,0.2%
Rusyn,FWD,4.5,0,0,0,0,0,0,0.0,0.5%
Austin,GK,4.0,0,0,0,0,0,0,0.0,0.0%
Phillips,DEF,4.0,0,0,0,0,0,0,0.0,0.0%
Takai,DEF,4.0,0,0,0,0,0,0,0.0,0.0%
Vuskovic,DEF,4.0,0,0,0,0,0,0,0.0,0.0%
Son,MID,8.5,0,0,0,0,0,0,0.0,0.0%
Maddison,MID,6.9,0,0,0,0,0,0,0.0,0.0%
Kulusevski,MID,6.5,0,0,0,0,0,0,0.0,0.0%
Moore,MID,5.0,0,0,0,0,0,0,0.0,0.0%
Min-hyeok,MID,4.5,0,0,0,0,0,0,0.0,0.0%
Olusesi,MID,4.5,0,0,0,0,0,0,0.0,0.0%
Lankshear,FWD,4.5,0,0,0,0,0,0,0.0,0.0%
Scarlett,FWD,4.5,0,0,0,0,0,0,0.0,0.0%
Foderingham,GK,4.0,0,0,0,0,0,0,0.0,0.0%
Hegyi,GK,4.0,0,0,0,0,0,0,0.0,0.0%
Casey,DEF,4.0,0,0,0,0,0,0,0.0,0.0%
Álvarez,MID,4.9,0,0,0,0,0,0,0.0,0.0%
L.Guilherme,MID,5.0,0,0,0,0,0,0,0.0,0.0%
Earthy,MID,4.5,0,0,0,0,0,0,0.0,0.0%
Orford,MID,4.5,0,0,0,0,0,0,0.0,0.0%
Bentley,GK,4.0,0,0,0,0,0,0,0.0,0.0%
King,GK,4.0,0,0,0,0,0,0,0.0,0.0%
Meupiyou,DEF,4.0,0,0,0,0,0,0,0.0,0.0%
Guedes,MID,5.5,0,0,0,0,0,0,0.0,0.0%
B.Traore,MID,5.0,0,0,0,0,0,0,0.0,0.0%
Chirewa,MID,4.5,0,0,0,0,0,0,0.0,0.0%
Edozie,MID,4.5,0,0,0,0,0,0,0.0,0.0%
Gonzalez,MID,4.5,0,0,0,0,0,0,0.0,0.0%
Hodge,MID,4.5,0,0,0,0,0,0,0.0,0.0%
Fábio Silva,FWD,5.0,0,0,0,0,0,0,0.0,0.0%
Chiwome,FWD,4.5,0,0,0,0,0,0,0.0,0.1%
Fraser,FWD,4.5,0,0,0,0,0,0,0.0,0.0%
Ngumoha,MID,4.5,0,0,0,0,0,0,0.0,0.0%
Rees-Dottin,MID,4.5,0,0,0,0,0,0,0.0,0.0%
Wright,GK,4.0,0,0,0,0,0,0,0.0,0.0%
Cardines,MID,4.5,0,0,0,0,0,0,0.0,0.0%
Rowe,DEF,4.0,0,0,0,0,0,0,0.0,0.0%
Burrowes,MID,4.5,0,0,0,0,0,0,0.0,0.0%
Proctor,GK,4.0,0,0,0,0,0,0,0.0,0.0%
Onyango,MID,4.5,0,0,0,0,0,0,0.0,0.0%
Campbell,DEF,4.0,0,0,0,0,0,0,0.0,0.0%
Josh Wilson-Esbrand,DEF,99.9,0,0,0,0,0,0,0.0,0.0%
Issa Kaboré,DEF,99.9,0,0,0,0,0,0,0.0,0.0%
Alfie Gilchrist,DEF,99.9,0,0,0,0,0,0,0.0,0.0%
Josh Bowler,FWD,99.9,0,0,0,0,0,0,0.0,0.0%
Emmanuel Dennis,FWD,99.9,0,0,0,0,0,0,0.0,0.0%
Hindolo Mustapha,MID,99.9,0,0,0,0,0,0,0.0,0.0%
Sam Chambers,MID,99.9,0,0,0,0,0,0,0.0,0.0%
John Ruddy,GK,99.9,0,0,0,0,0,0,0.0,0.0%
